jails: 
  test: 
    world: world
    x: 58.44770986576149
    y: 64.0
    z: 4.720428114936118
    yaw: -333.38974
    pitch: 80.33148
